,水生根茎类,花叶类,花菜类,茄类,辣椒类,食用菌
水生根茎类,1.0,0.43886868549703073,0.39602881944595886,-0.2099648673313287,0.333866065968936,0.6053511042229335
花叶类,0.43886868549703073,1.0,0.6334540537969384,0.2527331759843137,0.5950453965583906,0.5962248738512593
花菜类,0.39602881944595886,0.6334540537969384,1.0,0.19301181574025694,0.4297134357008183,0.46241954793091333
茄类,-0.2099648673313287,0.2527331759843137,0.19301181574025694,1.0,0.10423798641647186,-0.11451466326702942
辣椒类,0.333866065968936,0.5950453965583906,0.4297134357008183,0.10423798641647186,1.0,0.534784741614889
食用菌,0.6053511042229335,0.5962248738512593,0.46241954793091333,-0.11451466326702942,0.534784741614889,1.0
